acceptance_N_700_K_14 = [[0.101, 0.303, 0.9], [0.06, 0.275, 0.897], [0.109, 0.334, 0.896], [0.112, 0.293, 0.892], [0.082, 0.301, 0.9], [0.104, 0.306, 0.906], [0.142, 0.287, 0.91], [0.094, 0.302, 0.905], [0.098, 0.324, 0.904], [0.098, 0.176, 0.92], [0.102, 0.313, 0.907], [0.094, 0.301, 0.893]]
acceptance_N_700_K_15 = [[0.087, 0.276, 0.898], [0.057, 0.267, 0.895], [0.071, 0.271, 0.895], [0.096, 0.285, 0.894], [0.04, 0.249, 0.89], [0.057, 0.262, 0.897], [0.064, 0.279, 0.893], [0.149, 0.319, 0.898]]
acceptance_N_700_K_16 = [[0.051, 0.272, 0.888], [0.083, 0.278, 0.887], [0.17, 0.281, 0.89], [0.077, 0.259, 0.886], [0.134, 0.281, 0.894], [0.07, 0.256, 0.893], [0.094, 0.261, 0.886], [0.099, 0.28, 0.896], [0.083, 0.269, 0.89], [0.103, 0.288, 0.889], [0.064, 0.257, 0.89], [0.155, 0.28, 0.889]]
acceptance_N_700_K_17 = [[0.167, 0.287, 0.9], [0.132, 0.517, 0.931], [0.132, 0.336, 0.9], [0.084, 0.248, 0.893], [0.129, 0.285, 0.9], [0.112, 0.367, 0.905], [0.145, 0.382, 0.909], [0.091, 0.337, 0.904]]
acceptance_N_700_K_18 = [[0.174, 0.323, 0.894], [0.062, 0.319, 0.907], [0.105, 0.263, 0.891], [0.068, 0.348, 0.902], [0.141, 0.31, 0.898], [0.11, 0.289, 0.899], [0.142, 0.523, 0.941], [0.091, 0.506, 0.942]]
acceptance_N_700_K_20 = [[0.147, 0.318, 0.904], [0.074, 0.428, 0.913], [0.151, 0.456, 0.937], [0.051, 0.382, 0.928], [0.14, 0.542, 0.935], [0.155, 0.314, 0.893], [0.179, 0.282, 0.88], [0.128, 0.329, 0.889]]
acceptance_N_700_K_22 = [[0.1, 0.464, 0.919], [0.02, 0.457, 0.925], [0.044, 0.471, 0.926], [0.06, 0.431, 0.917], [0.095, 0.488, 0.926], [0.071, 0.479, 0.934], [0.048, 0.444, 0.914], [0.051, 0.432, 0.93]]
acceptance_N_800_K_15 = [[0.068, 0.293, 0.899], [0.054, 0.274, 0.898], [0.046, 0.297, 0.904], [0.077, 0.271, 0.895], [0.057, 0.277, 0.896], [0.057, 0.293, 0.897], [0.082, 0.285, 0.898], [0.057, 0.298, 0.897], [0.062, 0.27, 0.893], [0.074, 0.263, 0.895], [0.066, 0.276, 0.897], [0.062, 0.264, 0.895]]
acceptance_N_800_K_16 = [[0.079, 0.256, 0.894], [0.016, 0.5, 0.95], [0.078, 0.297, 0.902], [0.092, 0.266, 0.889], [0.034, 0.254, 0.888], [0.085, 0.266, 0.89], [0.108, 0.336, 0.903], [0.074, 0.246, 0.895]]
acceptance_N_800_K_17 = [[0.174, 0.275, 0.887], [0.088, 0.33, 0.922], [0.095, 0.406, 0.921], [0.107, 0.252, 0.887], [0.09, 0.253, 0.886], [0.08, 0.293, 0.884], [0.069, 0.268, 0.888], [0.149, 0.272, 0.885], [0.13, 0.295, 0.902], [0.073, 0.31, 0.887], [0.111, 0.231, 0.887], [0.061, 0.248, 0.887]]
acceptance_N_900_K_16 = [[0.096, 0.257, 0.891], [0.068, 0.26, 0.895], [0.044, 0.25, 0.891], [0.092, 0.256, 0.89], [0.068, 0.251, 0.889], [0.049, 0.269, 0.893], [0.074, 0.282, 0.891], [0.097, 0.261, 0.89], [0.123, 0.266, 0.891], [0.027, 0.248, 0.888], [0.076, 0.262, 0.893], [0.048, 0.252, 0.888]]
acceptance_N_900_K_17 = [[0.15, 0.271, 0.884], [0.082, 0.282, 0.889], [0.13, 0.26, 0.887], [0.053, 0.272, 0.889], [0.139, 0.238, 0.887], [0.13, 0.415, 0.905], [0.047, 0.263, 0.885], [0.127, 0.281, 0.889]]
acceptance_N_900_K_18 = [[0.148, 0.271, 0.886], [0.083, 0.368, 0.902], [0.113, 0.329, 0.899], [0.152, 0.31, 0.891], [0.143, 0.343, 0.896], [0.102, 0.396, 0.909], [0.087, 0.316, 0.901], [0.143, 0.266, 0.889], [0.143, 0.242, 0.879], [0.124, 0.252, 0.88], [0.123, 0.271, 0.882], [0.132, 0.253, 0.881]]
acceptance_N_1000_K_16 = [[0.101, 0.272, 0.885], [0.046, 0.253, 0.888], [0.062, 0.421, 0.931], [0.048, 0.255, 0.891], [0.043, 0.258, 0.891], [0.102, 0.277, 0.895], [0.066, 0.253, 0.888], [0.109, 0.265, 0.892]]
acceptance_N_1000_K_17 = [[0.075, 0.26, 0.886], [0.113, 0.26, 0.885], [0.072, 0.262, 0.888], [0.082, 0.292, 0.892], [0.045, 0.236, 0.883], [0.043, 0.239, 0.884], [0.117, 0.253, 0.886], [0.021, 0.54, 0.943], [0.106, 0.313, 0.885], [0.115, 0.238, 0.885], [0.088, 0.244, 0.884], [0.132, 0.255, 0.882]]
acceptance_N_1000_K_18 = [[0.045, 0.277, 0.885], [0.122, 0.267, 0.879], [0.11, 0.292, 0.895], [0.045, 0.234, 0.88], [0.144, 0.301, 0.889], [0.085, 0.225, 0.878], [0.1, 0.277, 0.898], [0.111, 0.299, 0.893]]
acceptance_N_1000_K_19 = [[0.12, 0.267, 0.87], [0.034, 0.302, 0.889], [0.11, 0.362, 0.9], [0.175, 0.281, 0.882], [0.134, 0.33, 0.89], [0.12, 0.315, 0.89], [0.06, 0.265, 0.883], [0.056, 0.24, 0.875], [0.129, 0.249, 0.877], [0.131, 0.27, 0.882], [0.143, 0.246, 0.875], [0.14, 0.249, 0.879]]
acceptance_N_1000_K_20 = [[0.026, 0.496, 0.929], [0.031, 0.517, 0.937], [0.03, 0.528, 0.937], [0.072, 0.529, 0.936], [0.044, 0.327, 0.896], [0.025, 0.513, 0.934], [0.045, 0.501, 0.936], [0.043, 0.257, 0.888]]
acceptance_N_1000_K_21 = [[0.024, 0.492, 0.933], [0.033, 0.502, 0.938], [0.034, 0.489, 0.932], [0.021, 0.373, 0.931], [0.03, 0.515, 0.933], [0.062, 0.507, 0.93], [0.063, 0.503, 0.933], [0.049, 0.503, 0.93]]
acceptance_N_1000_K_23 = [[0.084, 0.225, 0.875], [0.133, 0.304, 0.875], [0.097, 0.25, 0.869], [0.189, 0.243, 0.871], [0.15, 0.246, 0.874], [0.096, 0.25, 0.866], [0.175, 0.269, 0.873], [0.129, 0.248, 0.873]]
acceptance_N_1000_K_25 = [[0.104, 0.234, 0.866], [0.176, 0.244, 0.869], [0.144, 0.242, 0.873], [0.081, 0.218, 0.865], [0.187, 0.308, 0.866], [0.126, 0.253, 0.863], [0.227, 0.302, 0.87], [0.15, 0.217, 0.869]]
acceptance_N_2000_K_20 = [[0.063, 0.226, 0.873]]
acceptance_N_2000_K_22 = [[0.06, 0.307, 0.888], [0.043, 0.412, 0.912], [0.05, 0.235, 0.87], [0.109, 0.411, 0.908], [0.083, 0.285, 0.88], [0.04, 0.479, 0.927], [0.04, 0.512, 0.935], [0.094, 0.271, 0.875]]
acceptance_N_2000_K_25 = [[0.013, 0.459, 0.928], [0.031, 0.467, 0.928], [0.018, 0.44, 0.928], [0.009, 0.462, 0.928], [0.017, 0.471, 0.928], [0.022, 0.466, 0.926], [0.074, 0.174, 0.85], [0.088, 0.199, 0.85], [0.108, 0.195, 0.850], [0.122, 0.196, 0.85], [0.13, 0.219, 0.85], [0.132, 0.217, 0.853]]
acceptance_N_2000_K_26 = [[0.009, 0.442, 0.924], [0.01, 0.446, 0.925], [0.007, 0.447, 0.925], [0.014, 0.447, 0.927], [0.02, 0.452, 0.926], [0.006, 0.449, 0.926], [0.012, 0.452, 0.926], [0.014, 0.451, 0.926]]
acceptance_N_2000_K_27 = [[0.019, 0.428, 0.922], [0.016, 0.434, 0.923], [0.024, 0.433, 0.922], [0.025, 0.439, 0.922], [0.018, 0.435, 0.922], [0.011, 0.42, 0.92], [0.007, 0.431, 0.923], [0.011, 0.43, 0.923], [0.022, 0.444, 0.922], [0.014, 0.432, 0.922], [0.039, 0.439, 0.917], [0.005, 0.432, 0.922]]
acceptance_N_2000_K_28 = [[0.088, 0.183, 0.854], [0.1, 0.204, 0.854], [0.108, 0.205, 0.853], [0.144, 0.238, 0.853], [0.061, 0.208, 0.852], [0.085, 0.207, 0.853], [0.137, 0.219, 0.851], [0.184, 0.214, 0.856]]
acceptance_N_2000_K_29 = [[0.078, 0.207, 0.849], [0.135, 0.222, 0.853], [0.089, 0.206, 0.851], [0.139, 0.23, 0.852], [0.138, 0.218, 0.848], [0.106, 0.204, 0.85], [0.152, 0.208, 0.849], [0.165, 0.224, 0.851]]
acceptance_N_3000_K_31 = [[0.107, 0.169, 0.829], [0.036, 0.17, 0.83], [0.094, 0.177, 0.828], [0.109, 0.17, 0.831], [0.148, 0.179, 0.829], [0.147, 0.182, 0.83], [0.113, 0.177, 0.83], [0.122, 0.165, 0.829]]
acceptance_N_3000_K_33 = [[0.01, 0.372, 0.911], [0.002, 0.363, 0.911], [0.005, 0.374, 0.912], [0.14, 0.179, 0.824], [0.03, 0.174, 0.824], [0.075, 0.184, 0.83], [0.13, 0.187, 0.822], [0.065, 0.178, 0.825], [0.004, 0.362, 0.911], [0.006, 0.372, 0.913], [0.004, 0.376, 0.913], [0.011, 0.357, 0.907]]
acceptance_N_4000_K_38 = [[0.004, 0.258, 0.856], [0.001, 0.326, 0.903], [0.008, 0.273, 0.863], [0.003, 0.312, 0.902], [0.079, 0.155, 0.808], [0.12, 0.174, 0.811], [0.084, 0.16, 0.81], [0.113, 0.163, 0.81]]
acceptance_N_5000_K_42 = [[0.003, 0.262, 0.867], [0.022, 0.15, 0.8], [0.092, 0.163, 0.799], [0.063, 0.138, 0.799], [0.117, 0.154, 0.8], [0.071, 0.161, 0.797]]