[700, 800, 900, 1000, 1200, 1500, 1700, 2000, 3000, 4000, 5000]
[1267, 1676, 2105, 2987, 3094, 6923, 7690, 16328, 39880, 95717, 233788]

[1202, 1536, 1928, 2597, 2885, 6018, 6569, 14959, 35903, 84675, 206818]

______________________
hard

[700, 800, 900, 1000, 1200, 1400, 1500, 1700, 2000, 2500, 3500]
[5418, 10177, 15492, 20502, 60711, 68628, 110110, 150906, 167623, 381724, 716990]

[4548, 5914, 11914, 13705, 42774, 50959, 76231, 124468, 135856, 320408, 581110]

______________________

[1.64, 1.73, 1.82, 1.91, 2.00, 2.10, 2.19, 2.28, 2.37, 2.46, 2.55, 2.65, 2.74]
[12850230, 5465423, 1893336, 655891, 420496, 342494, 198166, 96638, 59873, 81450, 48766, 35847, 27267]

[16325680, 6943591, 2405404, 805268, 498907, 435125, 235119, 118647, 73508, 100000, 57860, 45542, 33477]


______________________
K_BP
[81450, 136039, 278962, 678708]

[100000, 161406, 330980, 833282]

