N_700_K_15 = [11809, 59827, 55941, 11920, 10235, 15500, 10445, 2237]
N_700_K_16 = [1817, 6621, 2221, 13483, 8413, 5235, 36295, 3561]
N_700_K_17 = [6925, 2797, 4968, 15381, 19810, 4542, 6408, 15007]
N_700_K_18 = [5067, 473, 3716, 9975, 7245, 10883, 111, 289]

N_800_K_15 = [13461, 11293, 5471, 8675, 16985, 5593, 20468, 8632]
N_800_K_16 = [11395, 653, 3677, 25073, 23239, 24289, 4380, 490]
N_800_K_17 = [6695, 541, 299, 5087, 15555, 1003, 5441, 975]

N_900_K_16 = [47600, 26943, 96071, 57141, 120170, 26031, 1155, 23086]
N_900_K_17 = [6659, 3261, 18815, 8847, 9049, 1871, 14863, 9993]
N_900_K_18 = [7623, 5843, 1789, 3083, 3103, 1273, 5683, 1975]

N_1000_K_17 = [42649, 36621, 17643, 5991, 171615, 64213, 35629, 1635]
N_1000_K_18 = [7397, 12455, 1333, 2801, 3749, 44313, 1805, 1793]
N_1000_K_19 = [2635, 13111, 7931, 7031, 13515, 26049, 7379, 33679]
N_1000_K_20 = [2837, 5133, 6717, 3385, 23493, 9401, 20775, 18742]
N_1000_K_21 = [7633, 1875, 1075, 67, 617, 2237, 4455, 445]

N_1000_K_16 = [7892, 110619, 1163, 158409, 114681, 10084, 73653, 35527]

N_2000_K_22 = [211353, 233457, 413185, 154133, ]
N_2000_K_25 = [135955, 22961, 9213, 121483, 151031, 10047, ]
N_2000_K_26 = [87447, 17005, 45527, 12555, 51627, 293851, 112189, 87895]
N_2000_K_27 = [10699, 78087, 7345, 36023, 28527, 8743, 134253, 39411]

N_3000_K_33 = [79673, 75225, 63127, ]

N_4000_K_38 = [16929, 237699, 44755, 41333, ]

N_5000_K_42 = [41273, ]