N 700
K 16
[1817, 6621, 2221, 13483, 8413, 5235, 36295, 3561]
[7241, 5631, 5891, 499]
N 700
K 15
[11809, 59827, 55941, 11920, 10235, 15500, 10445, 2237]
N 700
K 17
[6925, 2797, 4968, 15381, 19810, 4542, 6408, 15007]
N 700
K 18
[5067, 473, 3716, 9975, 7245, 10883, 111, 289]
N 700
K 20
[555, 579, 105, 67, 443, 2539, 2451, 3475]
N 700
K 22
[225, 453, 553, 139, 391, 369, 181, 319]
N 700
K 14
[629, 318, 521, 389, 6049, 4384, 201, 3977]
[3191, 107, 1664, 1886]
N 800
K 17
[6695, 541, 299, 5087, 15555, 1003, 5441, 975]
[249, 2545, 2727, 33425]
N 800
K 16
[11395, 653, 3677, 25073, 23239, 24289, 4380, 490]
N 800
K 15
[13461, 11293, 5471, 8675, 16985, 5593, 20468, 8632]
[48049, 9469, 26399, 33945]
N 900
K 18
[7623, 5843, 1789, 3083, 3103, 1273, 5683, 1975]
[39473, 15171, 987, 6331]
N 900
K 17
[6659, 3261, 18815, 8847, 9049, 1871, 14863, 9993]
N 900
K 16
[47600, 26943, 96071, 57141, 120170, 26031, 1155, 23086]
[4762, 60676, 24223, 67651]
N 1000
K 19
[2635, 13111, 7931, 7031, 13515, 26049, 7379, 33679]
[18183, 2367, 25327, 9143]
N 1000
K 18
[7397, 12455, 1333, 2801, 3749, 44313, 1805, 1793]
N 1000
K 17
[42649, 36621, 17643, 5991, 171615, 64213, 35629, 1635]
[175, 2153, 20901, 12885]
N 1000
K 20
[2837, 5133, 6717, 3385, 23493, 9401, 20775, 18742]
N 1000
K 21
[7633, 1875, 1075, 67, 617, 2237, 4455, 445]
N 1000
K 16
[7892, 110619, 1163, 158409, 114681, 10084, 73653, 35527]
N 1000
K 23
[3381, 318, 16043, 5878, 5059, 3154, 1659, 5193]
N 1000
K 25
[5965, 4153, 1977, 2215, 957, 383, 869, 4333]
N 2000
K 27
[10699, 78087, 7345, 36023, 28527, 8743, 134253, 39411]
[9553, 18907, 4167, 45265]
N 2000
K 26
[87447, 17005, 45527, 12555, 51627, 293851, 112189, 87895]
N 2000
K 25
[135955, 22961, 9213, 121483, 151031, 10047, 3539, 23223]
[23615, 91239, 19107, 10183]
N 2000
K 28
[116675, 140219, 6543, 4199, 51285, 75360, 19313, 35025]
N 2000
K 29
[46249, 7083, 84592, 9339, 16031, 65971, 68861, 19801]
N 3000
K 33
[79673, 75225, 63127, 37781, 93621, 6501, 56727, 57301]
[55451, 329497, 217849, 100373]
N 3000
K 31
[148415, 435847, 52943, 145013, 146447, 163117, 80453, 273521]
N 4000
K 38
[16929, 237699, 44755, 41333, 83531, 82023, 304713, 96773]
N 5000
K 42
[41273, 371025, 162027, 94849, 298315, 39507, ]
N 2000
K 22
[211353, 233457, 413185, 154133, 375989, 238615, 28637, 283873]
N 2000
K 20
[392101, ]